# relative_time, cycles_done, cur_item, corpus_count, pending_total, pending_favs, map_size, saved_crashes, saved_hangs, max_depth, execs_per_sec, total_execs, edges_found, total_crashes, servers_count
60, 0, 20, 758, 572, 0, 4.44%, 4, 21, 11, 12595.56, 366329, 831, 42, 0
65, 0, 752, 771, 533, 0, 4.44%, 4, 22, 11, 12063.27, 416992, 831, 42, 0
70, 0, 120, 788, 517, 0, 4.44%, 4, 24, 11, 971.13, 454197, 831, 42, 0
75, 0, 54, 801, 490, 0, 4.44%, 4, 25, 11, 10813.01, 494680, 831, 42, 0
80, 0, 340, 809, 429, 0, 4.44%, 4, 25, 12, 11134.58, 553439, 831, 43, 0
85, 1, 196, 822, 356, 0, 4.45%, 5, 25, 12, 11474.91, 611826, 832, 51, 0
90, 1, 655, 826, 289, 0, 4.45%, 5, 26, 12, 11142.73, 650071, 832, 51, 0
95, 1, 49, 839, 228, 0, 4.45%, 5, 27, 12, 10745.03, 698472, 832, 56, 0
100, 1, 567, 844, 163, 0, 4.45%, 5, 28, 13, 12708.34, 745146, 832, 93, 0
105, 1, 58, 861, 108, 0, 4.45%, 6, 28, 14, 13480.93, 809721, 832, 94, 0
111, 1, 174, 876, 89, 0, 4.45%, 6, 29, 14, 971.08, 863541, 832, 102, 0
116, 2, 824, 880, 45, 0, 4.45%, 6, 29, 14, 14272.14, 932128, 832, 108, 0
121, 2, 888, 891, 34, 0, 4.45%, 8, 29, 14, 15038.72, 1011436, 832, 170, 0
126, 3, 898, 906, 26, 0, 4.45%, 9, 29, 16, 14897.81, 1085369, 832, 196, 0
132, 3, 251, 908, 19, 0, 4.45%, 9, 30, 16, 512.79, 1139275, 832, 217, 0
137, 3, 713, 913, 17, 0, 4.45%, 9, 30, 16, 15953.91, 1221544, 832, 262, 0
142, 4, 713, 916, 9, 0, 4.45%, 10, 31, 16, 22554.39, 1286966, 832, 328, 0
147, 4, 743, 919, 9, 0, 4.45%, 10, 31, 16, 17424.72, 1370457, 832, 400, 0
152, 4, 624, 927, 11, 0, 4.45%, 10, 31, 16, 15871.18, 1448158, 832, 437, 0
158, 5, 927, 937, 11, 0, 4.45%, 10, 31, 16, 15432.05, 1498831, 832, 455, 0
163, 5, 942, 945, 10, 0, 4.45%, 10, 31, 18, 14228.14, 1572677, 832, 508, 0
166, 5, 363, 947, 5, 0, 4.45%, 10, 32, 18, 18908.88, 1610862, 832, 523, 0
