# relative_time, cycles_done, cur_item, corpus_count, pending_total, pending_favs, map_size, saved_crashes, saved_hangs, max_depth, execs_per_sec, total_execs, edges_found, total_crashes, servers_count
60, 0, 200, 404, 334, 0, 1.00%, 0, 0, 7, 2692.41, 142260, 614, 0, 0
65, 0, 400, 414, 340, 0, 1.00%, 0, 0, 7, 1776.32, 151253, 614, 0, 0
71, 0, 400, 416, 342, 0, 1.00%, 0, 0, 7, 1203.72, 157039, 614, 0, 0
76, 0, 290, 426, 348, 0, 1.00%, 0, 0, 7, 1376.91, 164006, 614, 0, 0
81, 0, 290, 427, 349, 0, 1.00%, 0, 0, 7, 1305.05, 170207, 614, 0, 0
86, 0, 365, 428, 349, 0, 1.00%, 0, 0, 7, 761.46, 173504, 614, 0, 0
91, 0, 283, 431, 339, 0, 1.00%, 0, 0, 7, 1030.02, 178981, 614, 0, 0
96, 0, 376, 436, 342, 0, 1.00%, 0, 0, 7, 681.32, 182650, 614, 0, 0
101, 0, 188, 438, 339, 0, 1.00%, 0, 0, 7, 618.14, 185541, 614, 0, 0
106, 0, 373, 438, 331, 0, 1.00%, 0, 0, 7, 541.83, 188115, 614, 0, 0
111, 0, 105, 438, 327, 0, 1.00%, 0, 0, 7, 445.02, 190198, 614, 0, 0
116, 0, 318, 438, 320, 0, 1.00%, 0, 0, 7, 541.26, 192931, 614, 0, 0
121, 0, 424, 439, 315, 0, 1.00%, 0, 0, 7, 480.51, 195415, 614, 0, 0
127, 0, 269, 441, 316, 0, 1.00%, 0, 0, 7, 485.15, 197741, 614, 0, 0
132, 0, 365, 441, 310, 0, 1.00%, 0, 0, 7, 587.76, 200847, 614, 0, 0
137, 0, 320, 441, 303, 0, 1.00%, 0, 0, 7, 544.10, 203372, 614, 0, 0
142, 0, 50, 441, 291, 0, 1.00%, 0, 0, 7, 767.89, 207354, 614, 0, 0
147, 0, 333, 441, 279, 0, 1.00%, 0, 0, 7, 842.60, 211780, 614, 0, 0
152, 0, 379, 444, 276, 0, 1.00%, 0, 0, 7, 765.09, 215140, 614, 0, 0
157, 0, 266, 448, 277, 0, 1.00%, 0, 0, 7, 692.94, 218625, 614, 0, 0
162, 0, 330, 448, 269, 0, 1.00%, 0, 0, 7, 818.49, 222479, 614, 0, 0
167, 0, 56, 448, 256, 0, 1.00%, 0, 0, 7, 1067.76, 228401, 614, 0, 0
172, 1, 183, 448, 237, 0, 1.00%, 0, 0, 7, 834.09, 233180, 614, 0, 0
177, 1, 77, 448, 224, 0, 1.00%, 0, 0, 7, 670.05, 236267, 614, 0, 0
183, 1, 441, 454, 221, 0, 1.00%, 0, 0, 7, 1138.70, 242618, 614, 0, 0
188, 1, 441, 455, 222, 0, 1.00%, 0, 0, 7, 1418.60, 249583, 614, 0, 0
193, 1, 381, 456, 193, 0, 1.00%, 0, 0, 7, 1542.17, 257349, 614, 0, 0
198, 1, 359, 457, 167, 0, 1.00%, 0, 0, 7, 1587.53, 265613, 614, 0, 0
203, 1, 341, 460, 134, 0, 1.00%, 0, 0, 7, 2139.48, 276139, 614, 0, 0
208, 1, 151, 463, 103, 0, 1.00%, 0, 0, 8, 1843.14, 286444, 614, 0, 0
213, 1, 363, 467, 89, 0, 1.00%, 0, 0, 10, 1802.47, 296746, 614, 0, 0
218, 1, 330, 467, 66, 0, 1.00%, 0, 0, 10, 2109.83, 308135, 614, 0, 0
224, 2, 294, 468, 44, 0, 1.00%, 0, 0, 10, 2330.95, 320097, 614, 0, 0
229, 2, 323, 468, 34, 0, 1.00%, 0, 0, 10, 1900.68, 330145, 614, 0, 0
234, 2, 314, 468, 31, 0, 1.00%, 0, 0, 10, 1934.92, 340959, 614, 0, 0
239, 2, 229, 469, 30, 0, 1.00%, 0, 0, 10, 2111.96, 352289, 614, 0, 0
244, 2, 468, 472, 29, 0, 1.00%, 0, 0, 10, 2221.80, 362748, 614, 0, 0
249, 2, 414, 474, 26, 0, 1.00%, 0, 0, 10, 2368.82, 373477, 614, 0, 0
254, 2, 413, 476, 23, 0, 1.00%, 0, 0, 10, 2175.37, 383650, 614, 0, 0
259, 2, 341, 476, 23, 0, 1.00%, 0, 0, 10, 458.06, 391598, 614, 0, 0
264, 2, 294, 476, 22, 0, 1.00%, 0, 0, 10, 730.51, 396052, 614, 0, 0
269, 2, 427, 477, 22, 0, 1.00%, 0, 0, 10, 478.53, 398246, 614, 0, 0
274, 3, 330, 477, 22, 0, 1.00%, 0, 0, 10, 498.88, 400723, 614, 0, 0
279, 3, 368, 477, 22, 0, 1.00%, 0, 0, 10, 429.96, 402816, 614, 0, 0
285, 3, 165, 477, 20, 0, 1.00%, 0, 0, 10, 408.63, 404336, 614, 0, 0
290, 3, 183, 477, 18, 0, 1.00%, 0, 0, 10, 407.86, 406404, 614, 0, 0
295, 3, 235, 477, 18, 0, 1.00%, 0, 0, 10, 354.14, 408163, 614, 0, 0
300, 3, 137, 477, 17, 0, 1.00%, 0, 0, 10, 399.27, 410084, 614, 0, 0
305, 3, 456, 478, 18, 0, 1.00%, 0, 0, 10, 383.72, 412157, 614, 0, 0
310, 3, 330, 478, 15, 0, 1.00%, 0, 0, 10, 597.25, 415345, 614, 0, 0
315, 3, 364, 478, 13, 0, 1.00%, 0, 0, 10, 891.92, 420487, 614, 0, 0
320, 3, 297, 478, 13, 0, 1.00%, 0, 0, 10, 1155.14, 426398, 614, 0, 0
325, 3, 203, 478, 12, 0, 1.00%, 0, 0, 10, 1155.98, 432336, 614, 0, 0
330, 3, 295, 478, 11, 0, 1.00%, 0, 0, 10, 980.97, 437018, 614, 0, 0
335, 3, 258, 478, 11, 0, 1.00%, 0, 0, 10, 629.73, 440018, 614, 0, 0
341, 3, 363, 478, 11, 0, 1.00%, 0, 0, 10, 68.25, 441708, 614, 0, 0
346, 3, 256, 478, 11, 0, 1.00%, 0, 0, 10, 19.23, 442089, 614, 0, 0
355, 3, 123, 478, 11, 0, 1.00%, 0, 2, 10, 0.22, 442158, 614, 0, 0
360, 3, 288, 478, 11, 0, 1.00%, 0, 2, 10, 366.14, 442829, 614, 0, 0
365, 3, 330, 478, 10, 0, 1.00%, 0, 2, 10, 399.87, 444745, 614, 0, 0
371, 3, 82, 478, 10, 0, 1.00%, 0, 2, 10, 2.92, 445378, 614, 0, 0
376, 3, 333, 478, 10, 0, 1.00%, 0, 2, 10, 649.39, 448590, 614, 0, 0
381, 3, 279, 478, 9, 0, 1.00%, 0, 2, 10, 1098.42, 455045, 614, 0, 0
386, 3, 342, 478, 9, 0, 1.00%, 0, 2, 10, 918.58, 459590, 614, 0, 0
391, 3, 330, 478, 9, 0, 1.00%, 0, 2, 10, 936.95, 464001, 614, 0, 0
396, 3, 330, 478, 8, 0, 1.00%, 0, 2, 10, 964.17, 468894, 614, 0, 0
401, 4, 376, 478, 8, 0, 1.00%, 0, 2, 10, 1188.59, 475731, 614, 0, 0
406, 4, 305, 478, 7, 0, 1.00%, 0, 2, 10, 1213.57, 481561, 614, 0, 0
411, 4, 359, 478, 4, 0, 1.00%, 0, 2, 10, 1596.24, 490530, 614, 0, 0
416, 4, 333, 478, 3, 0, 1.00%, 0, 2, 10, 1689.91, 499910, 614, 0, 0
421, 4, 314, 478, 3, 0, 1.00%, 0, 2, 10, 1256.75, 505665, 614, 0, 0
427, 4, 475, 479, 3, 0, 1.00%, 0, 2, 10, 1962.08, 516817, 614, 0, 0
432, 4, 479, 485, 8, 0, 1.00%, 0, 2, 10, 1735.12, 525198, 614, 0, 0
437, 4, 482, 485, 7, 0, 1.00%, 0, 2, 10, 2029.14, 535050, 614, 0, 0
442, 4, 320, 485, 6, 0, 1.00%, 0, 2, 10, 1584.60, 542709, 614, 0, 0
447, 4, 318, 485, 6, 0, 1.00%, 0, 2, 10, 1374.31, 549725, 614, 0, 0
452, 4, 356, 486, 6, 0, 1.00%, 0, 2, 10, 1668.66, 557923, 614, 0, 0
457, 5, 478, 486, 6, 0, 1.00%, 0, 2, 10, 1852.33, 566492, 614, 0, 0
462, 5, 295, 488, 5, 0, 1.00%, 0, 2, 11, 2022.85, 576792, 614, 0, 0
467, 5, 359, 489, 5, 0, 1.00%, 0, 2, 12, 1704.29, 584921, 614, 0, 0
472, 5, 356, 489, 5, 0, 1.00%, 0, 2, 12, 1349.26, 590187, 614, 0, 0
477, 5, 294, 489, 4, 0, 1.00%, 0, 2, 12, 1842.22, 600423, 614, 0, 0
482, 5, 342, 489, 3, 0, 1.00%, 0, 2, 12, 2220.38, 611590, 614, 0, 0
487, 5, 358, 489, 2, 0, 1.00%, 0, 2, 12, 2228.15, 622035, 614, 0, 0
492, 5, 50, 490, 3, 0, 1.00%, 0, 2, 12, 1405.47, 628460, 614, 0, 0
497, 5, 296, 490, 1, 0, 1.00%, 0, 2, 12, 2237.99, 639811, 614, 0, 0
502, 6, 295, 490, 1, 0, 1.00%, 0, 2, 12, 2221.11, 650024, 614, 0, 0
508, 6, 133, 490, 1, 0, 1.00%, 0, 2, 12, 1672.08, 658473, 614, 0, 0
513, 6, 295, 492, 2, 0, 1.00%, 0, 2, 12, 1755.98, 667653, 614, 0, 0
518, 6, 56, 492, 1, 0, 1.00%, 0, 2, 12, 1776.33, 675405, 614, 0, 0
523, 6, 270, 492, 0, 0, 1.00%, 0, 2, 12, 1846.67, 683780, 614, 0, 0
528, 6, 367, 492, 0, 0, 1.00%, 0, 2, 12, 2062.13, 694380, 614, 0, 0
533, 6, 365, 492, 0, 0, 1.00%, 0, 2, 12, 1944.84, 704694, 614, 0, 0
538, 6, 326, 492, 0, 0, 1.00%, 0, 2, 12, 1873.81, 714096, 614, 0, 0
543, 6, 283, 492, 0, 0, 1.00%, 0, 2, 12, 2127.73, 724756, 614, 0, 0
548, 7, 357, 492, 0, 0, 1.00%, 0, 2, 12, 1887.38, 733904, 614, 0, 0
553, 7, 383, 492, 0, 0, 1.00%, 0, 2, 12, 2034.25, 744766, 614, 0, 0
558, 7, 294, 492, 0, 0, 1.00%, 0, 2, 12, 1864.10, 754383, 614, 0, 0
564, 7, 307, 492, 0, 0, 1.00%, 0, 2, 12, 1960.10, 764245, 614, 0, 0
569, 7, 130, 492, 0, 0, 1.00%, 0, 2, 12, 2242.02, 775880, 614, 0, 0
574, 7, 157, 492, 0, 0, 1.00%, 0, 2, 12, 1654.45, 783862, 614, 0, 0
579, 7, 318, 492, 0, 0, 1.00%, 0, 2, 12, 1686.00, 791844, 614, 0, 0
584, 7, 330, 493, 1, 0, 1.00%, 0, 2, 12, 2006.40, 803288, 614, 0, 0
589, 8, 339, 493, 1, 0, 1.00%, 0, 2, 12, 2025.90, 814167, 614, 0, 0
594, 8, 326, 493, 1, 0, 1.00%, 0, 2, 12, 1900.00, 823664, 614, 0, 0
599, 8, 261, 493, 1, 0, 1.00%, 0, 2, 12, 1870.85, 832641, 614, 0, 0
604, 8, 333, 502, 10, 0, 1.00%, 0, 2, 12, 2374.06, 841043, 614, 0, 0
609, 8, 333, 504, 12, 0, 1.00%, 0, 2, 12, 163.30, 844352, 614, 0, 0
614, 8, 365, 506, 13, 0, 1.00%, 0, 2, 12, 1115.42, 853222, 614, 0, 0
620, 8, 503, 506, 13, 0, 1.00%, 0, 2, 12, 6.03, 855730, 614, 0, 0
625, 8, 503, 506, 13, 0, 1.00%, 0, 2, 12, 5.88, 855762, 614, 0, 0
630, 8, 503, 506, 13, 0, 1.00%, 0, 2, 12, 5.94, 855794, 614, 0, 0
635, 8, 503, 506, 13, 0, 1.00%, 0, 2, 12, 6.10, 855824, 614, 0, 0
640, 8, 503, 506, 13, 0, 1.00%, 0, 2, 12, 5.27, 855850, 614, 0, 0
646, 8, 503, 506, 13, 0, 1.00%, 0, 2, 12, 5.62, 855881, 614, 0, 0
651, 8, 503, 506, 13, 0, 1.00%, 0, 2, 12, 6.13, 855913, 614, 0, 0
656, 8, 503, 506, 13, 0, 1.00%, 0, 2, 12, 5.70, 855941, 614, 0, 0
661, 8, 503, 506, 13, 0, 1.00%, 0, 2, 12, 5.30, 855965, 614, 0, 0
666, 8, 503, 506, 13, 0, 1.00%, 0, 2, 12, 6.54, 856001, 614, 0, 0
671, 8, 503, 506, 13, 0, 1.00%, 0, 2, 12, 6.57, 856033, 614, 0, 0
676, 8, 503, 506, 13, 0, 1.00%, 0, 2, 12, 6.85, 856069, 614, 0, 0
681, 8, 503, 506, 13, 0, 1.00%, 0, 2, 12, 6.42, 856103, 614, 0, 0
687, 8, 503, 506, 13, 0, 1.00%, 0, 2, 12, 5.86, 856131, 614, 0, 0
692, 8, 503, 506, 13, 0, 1.00%, 0, 2, 12, 5.52, 856161, 614, 0, 0
697, 8, 503, 506, 13, 0, 1.00%, 0, 2, 12, 5.80, 856192, 614, 0, 0
702, 8, 503, 506, 13, 0, 1.00%, 0, 2, 12, 6.16, 856222, 614, 0, 0
707, 8, 503, 506, 13, 0, 1.00%, 0, 2, 12, 6.72, 856258, 614, 0, 0
712, 8, 503, 506, 13, 0, 1.00%, 0, 2, 12, 5.92, 856289, 614, 0, 0
717, 8, 503, 506, 13, 0, 1.00%, 0, 2, 12, 6.25, 856319, 614, 0, 0
723, 8, 503, 506, 13, 0, 1.00%, 0, 2, 12, 4.59, 856339, 614, 0, 0
728, 8, 503, 506, 13, 0, 1.00%, 0, 2, 12, 4.51, 856362, 614, 0, 0
733, 8, 503, 506, 13, 0, 1.00%, 0, 2, 12, 4.18, 856382, 614, 0, 0
738, 8, 503, 506, 13, 0, 1.00%, 0, 2, 12, 4.29, 856404, 614, 0, 0
743, 8, 503, 506, 13, 0, 1.00%, 0, 2, 12, 4.89, 856432, 614, 0, 0
748, 8, 503, 506, 13, 0, 1.00%, 0, 2, 12, 4.89, 856456, 614, 0, 0
753, 8, 503, 506, 13, 0, 1.00%, 0, 2, 12, 4.73, 856479, 614, 0, 0
759, 8, 503, 506, 13, 0, 1.00%, 0, 2, 12, 5.46, 856511, 614, 0, 0
764, 8, 503, 506, 13, 0, 1.00%, 0, 2, 12, 5.70, 856540, 614, 0, 0
769, 8, 503, 506, 13, 0, 1.00%, 0, 2, 12, 6.63, 856576, 614, 0, 0
774, 8, 503, 506, 13, 0, 1.00%, 0, 2, 12, 6.92, 856612, 614, 0, 0
779, 8, 503, 506, 13, 0, 1.00%, 0, 2, 12, 6.93, 856648, 614, 0, 0
784, 8, 503, 506, 13, 0, 1.00%, 0, 2, 12, 6.99, 856684, 614, 0, 0
789, 8, 503, 506, 13, 0, 1.00%, 0, 2, 12, 7.02, 856720, 614, 0, 0
795, 8, 503, 506, 13, 0, 1.00%, 0, 2, 12, 7.04, 856756, 614, 0, 0
800, 8, 503, 506, 13, 0, 1.00%, 0, 2, 12, 7.06, 856792, 614, 0, 0
805, 8, 503, 506, 13, 0, 1.00%, 0, 2, 12, 6.96, 856828, 614, 0, 0
810, 8, 503, 506, 13, 0, 1.00%, 0, 2, 12, 6.31, 856856, 614, 0, 0
815, 8, 503, 506, 13, 0, 1.00%, 0, 2, 12, 5.74, 856884, 614, 0, 0
820, 8, 503, 506, 13, 0, 1.00%, 0, 2, 12, 0.00, 856914, 614, 0, 0
